(86 .70)
(99 .27)
(34 .16)
(95 .46)
(33 .80)
(90 .85)
(85 .71)
(77 .60)
(59 .91)
(31 .30)
(41 .6)
(79 .68)
(57 .17)
(85 .25)
(86 .19)
(24 .19)
(9 .10)
(44 .21)
(82 .12)
(61 .32)
(75 .8)
(36 .65)
(86 .26)
(98 .85)
(3 .6)
(70 .97)
(32 .49)
(39 .80)
(90 .32)
(70 .18)
(31 .70)
(60 .15)
(57 .71)
(77 .75)
(27 .56)
(77 .47)
(30 .98)
(54 .34)
(70 .14)
(81 .31)
(18 .99)
(23 .80)
(49 .26)
(87 .59)
(70 .64)
(30 .51)
(42 .43)
(1 .5)
(48 .22)
(9 .15)
(49 .24)
(58 .46)
(29 .23)
(67 .33)
(94 .6)
(11 .77)
(51 .39)
(1 .31)
(48 .79)
(66 .31)
(84 .18)
(5 .63)
(26 .27)
(6 .86)
(97 .50)
(85 .48)
(5 .66)
(81 .94)
(42 .76)
(52 .27)
(59 .55)
(64 .65)
(53 .53)
(99 .3)
(43 .70)
(56 .69)
(56 .78)
(31 .32)
(19 .94)
(20 .3)
(17 .81)
(35 .45)
(20 .62)
(72 .84)
(57 .6)
(89 .72)
(27 .40)
(72 .30)
(53 .40)
(10 .73)
(27 .4)
(43 .28)
(93 .17)
(92 .27)
(36 .50)
(76 .47)
(56 .50)
(10 .77)
(20 .20)
(45 .91)
