(81 .16)
(46 .37)
(80 .84)
(42 .16)
(7 .2)
(78 .78)
(85 .47)
(75 .14)
(38 .7)
(52 .4)
(69 .45)
(49 .7)
(30 .42)
(16 .77)
(30 .94)
(10 .34)
(94 .19)
(91 .11)
(57 .6)
(47 .9)
(74 .76)
(20 .34)
(72 .97)
(62 .9)
(74 .96)
(40 .13)
(67 .42)
(23 .36)
(67 .39)
(8 .39)
(68 .65)
(86 .13)
(91 .44)
(84 .66)
(56 .64)
(56 .32)
(60 .43)
(29 .92)
(26 .15)
(35 .33)
(80 .7)
(3 .33)
(55 .96)
(66 .52)
(96 .55)
(44 .19)
(98 .9)
(41 .10)
(90 .8)
(42 .28)
(14 .95)
(53 .11)
(40 .8)
(53 .25)
(14 .30)
(11 .53)
(4 .74)
(58 .61)
(62 .53)
(58 .95)
(77 .32)
(70 .1)
(21 .37)
(34 .51)
(3 .19)
(72 .8)
(20 .84)
(54 .92)
(92 .47)
(44 .42)
(38 .66)
(45 .91)
(15 .24)
(50 .79)
(47 .37)
(49 .47)
(50 .81)
(26 .53)
(90 .4)
(74 .2)
(22 .95)
(28 .92)
(80 .96)
(55 .74)
(8 .70)
(60 .11)
(52 .36)
(93 .4)
(56 .29)
(23 .10)
(1 .23)
(71 .65)
(69 .25)
(57 .38)
(59 .1)
(3 .89)
(73 .42)
(20 .43)
(39 .52)
(11 .18)
(69 .76)
(71 .77)
(76 .39)
(95 .15)
(87 .22)
(97 .61)
(80 .65)
(2 .99)
(24 .62)
(24 .56)
(39 .18)
(15 .8)
(68 .70)
(38 .11)
(16 .50)
(65 .4)
(19 .5)
(41 .25)
(51 .94)
(88 .31)
(30 .43)
(50 .37)
(4 .41)
(10 .9)
(40 .21)
(20 .76)
(29 .55)
(78 .51)
(61 .64)
(9 .7)
(2 .85)
(98 .37)
(56 .94)
(43 .76)
(25 .76)
(48 .30)
(74 .92)
(26 .96)
(67 .78)
(4 .27)
(61 .29)
(70 .94)
(31 .89)
(74 .63)
(26 .89)
(64 .86)
(85 .82)
(30 .45)
(44 .13)
(81 .10)
(98 .33)
(84 .64)
(73 .90)
(2 .36)
(29 .82)
(84 .83)
(60 .81)
(45 .72)
(15 .5)
(7 .67)
(20 .79)
(50 .35)
(13 .61)
(44 .91)
(63 .81)
(52 .54)
(96 .94)
(29 .29)
(45 .6)
(22 .41)
(87 .38)
(34 .44)
(5 .80)
(26 .4)
(38 .57)
(30 .40)
(7 .14)
(89 .19)
(82 .49)
(51 .12)
(46 .11)
(73 .48)
(30 .31)
(86 .66)
(53 .17)
(27 .9)
(82 .66)
(80 .81)
(45 .7)
(31 .33)
(35 .41)
(54 .6)
(51 .13)
(47 .83)
(6 .11)
(46 .96)
(55 .11)
(95 .77)
(65 .85)
(14 .73)
(94 .60)
(51 .21)
(31 .21)
(57 .41)
(34 .8)
(73 .75)
(18 .19)
(76 .5)
(56 .67)
(97 .17)
(84 .4)
(60 .42)
(71 .31)
(54 .72)
(70 .3)
(17 .59)
(93 .58)
(38 .75)
(90 .34)
(75 .30)
(56 .7)
(49 .97)
(37 .70)
(78 .36)
(34 .90)
(22 .97)
(88 .96)
(89 .91)
(99 .9)
(50 .99)
(66 .85)
(70 .31)
(90 .14)
(82 .60)
(80 .2)
(15 .23)
(92 .67)
(61 .77)
(54 .63)
(6 .1)
(52 .19)
(38 .79)
(81 .20)
(71 .96)
(68 .47)
(75 .81)
(83 .75)
(63 .70)
(36 .18)
(7 .23)
(87 .18)
(55 .33)
(76 .99)
(6 .21)
(35 .12)
(37 .37)
(3 .49)
(47 .48)
(47 .91)
(50 .71)
(43 .86)
(92 .34)
(26 .33)
(39 .17)
(5 .91)
(42 .36)
(56 .83)
(14 .35)
(63 .5)
(4 .82)
(14 .51)
(61 .56)
(11 .39)
(79 .35)
(29 .16)
(24 .45)
(68 .35)
(26 .22)
(8 .44)
(60 .89)
(17 .44)
(70 .2)
(80 .20)
(35 .13)
(85 .42)
(87 .67)
(58 .92)
(25 .36)
(24 .87)
(53 .5)
(88 .88)
(67 .97)
(67 .21)
(3 .13)
(9 .41)
(97 .59)
(22 .25)
(34 .18)
(86 .9)
(58 .59)
(99 .16)
(30 .81)
(57 .2)
(77 .88)
(77 .90)
(98 .21)
(90 .56)
(2 .28)
(76 .73)
(34 .60)
(17 .23)
(5 .44)
(45 .29)
(45 .33)
(58 .7)
(50 .15)
(29 .94)
(5 .72)
(59 .86)
(40 .66)
(43 .15)
(35 .18)
(43 .77)
(24 .7)
(41 .14)
(75 .98)
(12 .86)
(36 .28)
(56 .44)
(30 .70)
(41 .83)
(91 .96)
(51 .29)
(69 .90)
(33 .68)
(17 .2)
(87 .86)
(1 .68)
(60 .80)
(10 .52)
(66 .37)
(40 .31)
(52 .29)
(61 .72)
(50 .12)
(11 .98)
(85 .65)
(77 .59)
(86 .72)
(14 .94)
(37 .50)
(81 .41)
(88 .25)
(85 .68)
(68 .76)
(35 .78)
(5 .4)
(44 .60)
(45 .23)
(58 .18)
(82 .87)
(66 .16)
(15 .16)
(56 .33)
(50 .11)
(40 .37)
(86 .82)
(44 .35)
(64 .7)
(61 .73)
(16 .26)
(28 .91)
(27 .40)
(11 .59)
(49 .64)
(24 .65)
(16 .45)
(86 .80)
(11 .20)
(64 .88)
(48 .11)
(11 .34)
(82 .31)
(11 .58)
(77 .24)
(62 .35)
(26 .56)
(60 .74)
(88 .74)
(6 .96)
(84 .86)
(87 .74)
(21 .42)
(95 .64)
(42 .72)
(26 .5)
(16 .94)
(9 .95)
(30 .52)
(82 .26)
(11 .14)
(4 .81)
(19 .31)
(20 .36)
(83 .51)
(27 .25)
(11 .69)
(62 .13)
(68 .89)
(10 .22)
(66 .92)
(45 .53)
(15 .58)
(75 .73)
(71 .39)
(23 .65)
(44 .88)
(15 .52)
(89 .75)
(77 .91)
(47 .1)
(84 .60)
(90 .69)
(27 .2)
(45 .15)
(90 .54)
(69 .39)
(45 .31)
(37 .69)
(49 .73)
(38 .72)
(69 .11)
(94 .16)
(1 .34)
(44 .48)
(19 .66)
(8 .84)
(63 .45)
(31 .74)
(29 .56)
(67 .26)
(74 .90)
(19 .75)
(8 .59)
(39 .9)
(43 .74)
(63 .13)
(15 .93)
(1 .17)
(8 .30)
(14 .38)
(54 .43)
(35 .4)
(31 .60)
(67 .91)
(38 .74)
(45 .81)
(5 .20)
(22 .79)
(91 .19)
(9 .42)
(95 .35)
(5 .45)
(3 .94)
(70 .69)
(66 .99)
(42 .30)
(72 .32)
(55 .15)
(45 .47)
(91 .47)
(71 .68)
(30 .82)
(9 .94)
(71 .21)
(25 .89)
(21 .72)
(42 .19)
(38 .90)
(90 .98)
(46 .23)
(9 .46)
(39 .75)
(48 .90)
(24 .77)
(73 .61)
(50 .48)
(64 .37)
(16 .21)
(86 .75)
(97 .25)
(90 .77)
(78 .70)
(88 .53)
(94 .64)
(14 .9)
(57 .92)
(2 .48)
(60 .83)
(43 .34)
