(46 .81)
(96 .47)
(16 .60)
(22 .93)
(55 .2)
(75 .80)
(50 .15)
(1 .22)
(33 .32)
(68 .69)
(86 .95)
(95 .60)
(63 .64)
(5 .57)
(47 .17)
(76 .32)
(78 .52)
(30 .17)
(28 .43)
(61 .18)
(48 .94)
(98 .93)
(89 .33)
(59 .42)
(92 .80)
(16 .28)
(16 .74)
(47 .51)
(85 .37)
(84 .51)
(56 .64)
(46 .38)
(25 .43)
(3 .97)
(85 .84)
(93 .89)
(71 .50)
(21 .92)
(96 .3)
(70 .30)
(6 .62)
(65 .67)
(2 .49)
(16 .4)
(6 .78)
(31 .91)
(59 .10)
(62 .83)
(48 .60)
(68 .46)
(31 .61)
(57 .9)
(86 .26)
(57 .66)
(53 .55)
(54 .82)
(67 .54)
(46 .94)
(99 .79)
(37 .75)
(27 .98)
(92 .7)
(53 .3)
(88 .38)
(44 .37)
(34 .24)
(99 .44)
(6 .57)
(80 .75)
(91 .50)
(51 .51)
(24 .48)
(25 .5)
(64 .67)
(84 .68)
(23 .92)
(19 .32)
(69 .50)
(55 .84)
(95 .95)
(77 .16)
(11 .18)
(48 .43)
(89 .43)
(99 .62)
(84 .77)
(48 .42)
(82 .6)
(78 .26)
(97 .21)
(53 .75)
(14 .41)
(6 .67)
(75 .55)
(2 .95)
(79 .95)
(73 .35)
(40 .7)
(99 .81)
(50 .62)
(78 .42)
(69 .61)
(9 .42)
(83 .28)
(67 .50)
(6 .70)
(98 .56)
(62 .35)
(4 .7)
(38 .87)
(26 .34)
(41 .4)
(82 .88)
(4 .13)
(2 .76)
(6 .96)
(75 .35)
(43 .12)
(7 .52)
(33 .63)
(84 .48)
(88 .51)
(90 .10)
(97 .17)
(73 .5)
(3 .92)
(44 .63)
(36 .45)
(1 .65)
(79 .21)
(38 .71)
(26 .91)
(45 .10)
(94 .64)
(14 .50)
(29 .51)
(74 .74)
(4 .78)
(46 .89)
(14 .72)
(91 .87)
(40 .97)
(73 .13)
(53 .13)
(98 .97)
(12 .42)
(73 .12)
(25 .13)
(22 .97)
(7 .81)
(16 .34)
(3 .23)
(76 .51)
(19 .69)
(60 .58)
(99 .11)
(51 .7)
(30 .51)
(32 .29)
(18 .32)
(56 .81)
(65 .16)
(39 .86)
(78 .63)
(50 .90)
(57 .48)
(83 .33)
(57 .58)
(84 .17)
(21 .22)
(94 .83)
(53 .41)
(98 .1)
(91 .67)
(82 .74)
(81 .93)
(79 .74)
(25 .34)
(68 .86)
(83 .89)
(73 .55)
(20 .69)
(2 .51)
(28 .18)
(49 .72)
(66 .15)
(8 .96)
(38 .72)
(28 .25)
(18 .39)
(95 .11)
(80 .76)
(9 .63)
(69 .9)
(9 .23)
(89 .97)
(48 .39)
(64 .83)
(40 .48)
(73 .73)
(18 .10)
(8 .67)
(85 .83)
(37 .52)
(6 .44)
(69 .45)
(94 .63)
(74 .43)
(61 .38)
(81 .19)
(10 .27)
(82 .69)
(81 .76)
(48 .98)
(9 .45)
(84 .70)
(65 .23)
(92 .71)
(69 .41)
(78 .86)
(72 .56)
(17 .46)
(29 .87)
(38 .85)
(64 .21)
(23 .3)
(66 .55)
(63 .91)
(27 .39)
(85 .10)
(36 .38)
(44 .61)
(59 .99)
(80 .71)
(70 .4)
(74 .20)
(60 .95)
(46 .53)
(10 .37)
(40 .94)
(39 .62)
(35 .87)
(23 .82)
(5 .11)
(59 .2)
(44 .31)
(56 .68)
(50 .34)
(13 .55)
(86 .30)
(8 .66)
(15 .60)
(46 .3)
(42 .70)
(9 .11)
(81 .90)
(98 .91)
(71 .73)
(4 .56)
(39 .76)
(95 .70)
(13 .69)
(60 .44)
(64 .91)
(46 .12)
(40 .55)
(51 .11)
(86 .72)
(47 .74)
(42 .20)
(40 .34)
(20 .54)
(32 .65)
(97 .77)
(31 .57)
(17 .10)
(35 .38)
(53 .46)
(1 .2)
(39 .51)
(25 .96)
(70 .27)
(39 .88)
(5 .98)
(26 .30)
(14 .19)
(37 .61)
(68 .64)
(50 .7)
(13 .98)
(94 .68)
(81 .83)
(39 .41)
(76 .49)
(20 .2)
(74 .40)
(81 .89)
(10 .5)
(79 .93)
(15 .44)
(60 .99)
(51 .2)
(43 .97)
(69 .89)
(96 .94)
(89 .40)
(56 .56)
(16 .86)
(88 .98)
(12 .55)
(79 .25)
(56 .74)
(38 .47)
(51 .63)
(84 .56)
(91 .68)
(39 .95)
(18 .79)
(40 .41)
(68 .3)
(80 .30)
(5 .79)
(50 .42)
(33 .54)
(88 .92)
(5 .17)
(32 .6)
(20 .26)
(46 .69)
(59 .27)
(22 .6)
(6 .40)
(3 .22)
(2 .61)
(39 .36)
(47 .47)
(31 .10)
(75 .49)
(20 .76)
(24 .96)
(14 .97)
(74 .91)
(52 .75)
(36 .33)
(75 .91)
(34 .70)
(82 .41)
(80 .74)
(25 .65)
(77 .29)
(40 .71)
(15 .53)
(46 .58)
(86 .23)
(30 .71)
(45 .63)
(13 .24)
(31 .14)
(87 .28)
(85 .68)
(86 .47)
(3 .76)
(65 .89)
(29 .2)
(25 .55)
(98 .95)
(56 .42)
(82 .22)
(88 .14)
(4 .5)
(85 .64)
(25 .20)
(29 .56)
(43 .11)
(77 .50)
(43 .72)
(50 .69)
(92 .97)
(93 .29)
(46 .51)
(7 .70)
(42 .9)
(67 .93)
(39 .72)
(64 .82)
(61 .39)
(51 .46)
(60 .72)
(58 .14)
(77 .49)
(52 .84)
(57 .15)
(72 .76)
(2 .91)
(20 .75)
(58 .35)
(92 .75)
(13 .58)
(15 .35)
(44 .83)
(12 .71)
(8 .4)
(8 .11)
(18 .47)
(37 .21)
(70 .33)
(74 .23)
(97 .22)
(14 .27)
(37 .90)
(92 .47)
(52 .89)
(24 .26)
(47 .76)
(33 .3)
(58 .24)
(70 .93)
(37 .81)
(77 .53)
(7 .61)
(58 .54)
(55 .98)
(6 .26)
(61 .69)
(77 .91)
(44 .87)
(98 .53)
(91 .64)
(19 .19)
(79 .81)
(64 .42)
(15 .34)
(63 .47)
(62 .80)
(85 .17)
(45 .61)
(21 .75)
(32 .38)
(92 .54)
(84 .98)
(65 .77)
(98 .42)
(59 .70)
(26 .18)
(3 .73)
(63 .58)
(73 .26)
(96 .17)
(39 .21)
(36 .58)
(63 .80)
(84 .61)
(46 .83)
(67 .23)
(21 .53)
(72 .64)
(34 .81)
(16 .87)
(43 .73)
(75 .92)
(21 .45)
(78 .12)
(53 .86)
(87 .94)
(78 .16)
(99 .71)
(19 .26)
(36 .84)
(92 .38)
(95 .75)
(4 .3)
(96 .49)
(2 .98)
(24 .92)
(10 .10)
(73 .66)
(46 .43)
(37 .18)
(3 .72)
(8 .59)
(95 .72)
(45 .5)
(54 .1)
(46 .9)
(45 .31)
(95 .6)
(77 .99)
(89 .19)
(49 .29)
(11 .55)
(62 .94)
(85 .69)
(42 .34)
(26 .75)
(88 .18)
(81 .21)
(30 .37)
(80 .31)
(58 .91)
(95 .1)
(52 .16)
(47 .78)
(14 .68)
(88 .46)
(53 .19)
(69 .74)
(61 .53)
(96 .1)
(87 .76)
(63 .21)
(75 .70)
(21 .27)
(50 .75)
(75 .41)
(20 .59)
(61 .57)
(34 .10)
(3 .47)
(47 .7)
(55 .74)
(45 .79)
(23 .69)
(49 .8)
(59 .77)
(40 .79)
(43 .82)
(29 .75)
(26 .82)
(95 .21)
(29 .39)
(26 .94)
(58 .12)
(41 .52)
(50 .49)
(54 .81)
(21 .88)
(75 .95)
(48 .51)
(16 .98)
(1 .41)
(17 .78)
(28 .59)
(83 .21)
(52 .27)
(82 .97)
(54 .29)
(12 .37)
(67 .7)
(28 .90)
(26 .61)
(61 .41)
(99 .31)
(34 .44)
(42 .87)
(23 .94)
(47 .85)
(78 .79)
(83 .82)
(68 .29)
(97 .27)
(6 .77)
(75 .9)
(70 .10)
(16 .55)
(18 .87)
(59 .53)
(86 .8)
(84 .90)
(92 .88)
(51 .69)
(51 .32)
(53 .84)
(39 .98)
(93 .98)
(57 .56)
(35 .22)
(89 .15)
(5 .2)
(12 .14)
(24 .37)
(69 .23)
(62 .96)
(23 .15)
(43 .89)
(42 .14)
(13 .18)
(27 .72)
(69 .8)
(87 .90)
(70 .72)
(17 .17)
(97 .61)
(52 .38)
(64 .72)
(4 .83)
(79 .78)
(65 .15)
(99 .28)
(70 .57)
(62 .24)
(56 .5)
(57 .44)
(44 .18)
(95 .17)
(45 .96)
(14 .21)
(44 .51)
(21 .52)
(26 .1)
(44 .85)
(51 .70)
(85 .58)
(35 .34)
(52 .12)
(73 .42)
(38 .31)
(29 .46)
(17 .12)
(60 .53)
(18 .34)
(42 .47)
(28 .7)
(70 .58)
(35 .14)
(94 .48)
(2 .69)
(13 .76)
(72 .85)
(19 .98)
(10 .11)
(66 .83)
(44 .4)
(59 .83)
(35 .9)
(92 .72)
(83 .10)
(43 .4)
(43 .79)
(88 .77)
(98 .39)
(18 .25)
(40 .68)
(18 .52)
(73 .31)
(93 .61)
(44 .7)
(68 .59)
(4 .24)
(48 .87)
(65 .37)
(78 .85)
(56 .30)
(86 .3)
(33 .68)
(43 .40)
(11 .33)
(12 .27)
(65 .19)
(64 .90)
(65 .40)
(24 .5)
(15 .31)
(29 .76)
(42 .84)
(1 .19)
(31 .1)
(12 .61)
(60 .32)
(69 .10)
(81 .15)
(20 .5)
(87 .54)
(50 .11)
(95 .42)
(93 .85)
(22 .26)
(14 .74)
(70 .25)
(2 .11)
(61 .48)
(68 .25)
(21 .51)
(67 .33)
(49 .54)
(9 .50)
(21 .19)
(17 .61)
(80 .18)
(80 .99)
(91 .16)
(59 .72)
(48 .86)
(61 .44)
(9 .71)
(54 .71)
(37 .63)
(45 .41)
(90 .45)
(75 .60)
(36 .6)
(50 .72)
(5 .94)
(57 .10)
(45 .83)
(30 .61)
(57 .53)
(31 .35)
(3 .81)
(71 .6)
(45 .38)
(82 .54)
(17 .40)
(28 .36)
(25 .31)
(79 .53)
(23 .7)
(81 .54)
(29 .52)
(99 .25)
(41 .92)
(15 .83)
(97 .8)
(10 .56)
(42 .94)
(88 .31)
(60 .13)
(76 .56)
(12 .3)
(93 .5)
(56 .93)
(37 .26)
(15 .25)
(53 .48)
(52 .20)
(6 .20)
(96 .4)
(35 .98)
(31 .71)
(93 .31)
(43 .49)
(92 .11)
(30 .25)
(42 .26)
(59 .94)
(69 .47)
(56 .88)
(11 .84)
(93 .84)
(3 .93)
(42 .69)
(25 .40)
(16 .72)
(22 .13)
(74 .84)
(99 .6)
(83 .24)
(94 .28)
(7 .26)
(60 .11)
(51 .50)
(48 .46)
(88 .72)
(17 .47)
(69 .1)
(89 .73)
(25 .53)
(94 .58)
(4 .29)
(21 .84)
(47 .50)
(6 .86)
(65 .88)
(89 .74)
(87 .16)
(9 .14)
(89 .66)
(25 .75)
(25 .73)
(67 .28)
(16 .99)
(99 .67)
(25 .77)
(46 .85)
(90 .66)
(41 .3)
(8 .28)
(57 .94)
(13 .73)
(64 .11)
(63 .29)
(33 .28)
(5 .7)
(8 .93)
(34 .95)
(86 .98)
(79 .52)
(50 .10)
(69 .24)
(24 .23)
(64 .27)
(35 .23)
(66 .40)
(70 .21)
(87 .43)
(4 .81)
(4 .96)
(73 .39)
(77 .97)
(97 .55)
(63 .46)
(16 .10)
(49 .5)
(45 .3)
(4 .41)
(87 .41)
(65 .7)
(93 .81)
(41 .67)
(23 .49)
(60 .91)
(50 .96)
(94 .97)
(37 .31)
(46 .26)
(26 .9)
(64 .89)
(7 .57)
(91 .65)
(76 .84)
(39 .5)
(3 .63)
(17 .97)
(3 .91)
(98 .10)
(74 .48)
(95 .19)
(15 .51)
(56 .90)
(66 .73)
(94 .61)
(16 .56)
(75 .84)
(76 .57)
(73 .76)
(52 .45)
(94 .32)
(81 .51)
(51 .45)
(32 .37)
(51 .77)
(14 .91)
(93 .87)
(42 .41)
(10 .85)
(18 .66)
(10 .42)
(55 .99)
(17 .15)
(34 .18)
(75 .20)
(25 .83)
(70 .5)
(40 .21)
(41 .58)
(10 .38)
(43 .51)
(11 .87)
(42 .36)
(47 .88)
(58 .85)
(35 .52)
(84 .21)
(96 .52)
(4 .34)
(71 .43)
(63 .59)
(46 .96)
(25 .52)
(32 .10)
(17 .4)
(89 .30)
(72 .97)
(70 .86)
(61 .35)
(99 .49)
(8 .87)
(93 .24)
(55 .76)
(35 .49)
(79 .67)
(65 .42)
(43 .61)
(61 .83)
(21 .74)
(5 .92)
(63 .98)
(45 .6)
(63 .16)
(33 .37)
(60 .23)
(97 .58)
(4 .2)
(97 .56)
(74 .67)
(25 .22)
(6 .89)
(44 .1)
(73 .33)
(52 .25)
(44 .16)
(25 .94)
(78 .49)
(13 .20)
(17 .43)
(23 .43)
(45 .84)
(57 .60)
(99 .37)
(68 .41)
(93 .55)
(73 .36)
(71 .32)
(63 .94)
(39 .35)
(78 .81)
(33 .10)
(23 .48)
(44 .55)
(51 .82)
(81 .71)
(67 .89)
(82 .59)
(44 .14)
(47 .87)
(26 .8)
(47 .83)
(2 .24)
(76 .77)
(48 .85)
(79 .46)
(95 .88)
(65 .64)
(52 .47)
(37 .38)
(21 .44)
(86 .86)
(60 .22)
(88 .83)
(53 .12)
(88 .50)
(34 .50)
(9 .99)
(72 .67)
(7 .65)
(3 .36)
(76 .78)
(25 .19)
(76 .10)
(67 .81)
(21 .61)
(24 .79)
(35 .92)
(25 .36)
(97 .30)
(98 .44)
(79 .94)
(30 .3)
(39 .38)
(65 .53)
(58 .34)
(73 .38)
(83 .27)
(50 .73)
(26 .29)
(64 .79)
(43 .70)
(68 .73)
(38 .32)
(89 .6)
(57 .39)
(45 .99)
(78 .99)
(34 .25)
(35 .90)
(32 .5)
(56 .60)
(61 .52)
(44 .57)
(73 .86)
(11 .67)
(53 .10)
(86 .13)
(11 .28)
(44 .98)
(93 .69)
(82 .50)
(94 .27)
(95 .40)
(45 .52)
(38 .63)
